   3.5445026988635018E-009   9.9438784655409880E-011   4.0348192501276394E-010   5.9268480473781545E-012  -1.8509748503187662E-010  -6.6284676393727599E-010   1.2857577239389374E-010  -6.6264809359129516E-010  -5.4293830523355733E-010   9.9438784655409880E-011   6.1725644629537371E-009  -5.8117032946715464E-010   1.0763795551111426E-009  -1.1727277348315177E-011   8.7545378232922707E-010   4.1860830070048750E-010  -9.7201587834213563E-012  -5.4412677638279128E-010   4.0348192501276394E-010  -5.8117032946715464E-010   4.8967363884689661E-009  -9.3205900503222303E-010  -8.0674899418964972E-011  -4.3144261776415810E-010  -5.0560885710972647E-010  -5.0085089219668856E-010   8.8055094269031217E-011   5.9268480473781545E-012   1.0763795551111426E-009  -9.3205900503222303E-010   4.9996012818498826E-009   2.3857438190023240E-010  -2.8070846102068434E-010   1.4669801179281383E-010  -3.4379246313988693E-010  -8.5883325819186597E-010  -1.8509748503187662E-010  -1.1727277348315177E-011  -8.0674899418964972E-011   2.3857438190023240E-010   3.7765207964310142E-009  -4.1853792090865948E-010  -3.6783277262133422E-010   2.6221754003885118E-011   5.4490839617032565E-010  -6.6284676393727599E-010   8.7545378232922707E-010  -4.3144261776415810E-010  -2.8070846102068434E-010  -4.1853792090865948E-010   5.2524121335541584E-009  -2.2791582686165485E-010   9.1751122616474025E-010   3.6779706124344524E-010   1.2857577239389374E-010   4.1860830070048750E-010  -5.0560885710972647E-010   1.4669801179281383E-010  -3.6783277262133422E-010  -2.2791582686165485E-010   4.7070879395362656E-009  -4.7976076188590446E-010  -6.5040288306522421E-010  -6.6264809359129516E-010  -9.7201587834213563E-012  -5.0085089219668856E-010  -3.4379246313988693E-010   2.6221754003885118E-011   9.1751122616474025E-010  -4.7976076188590446E-010   5.1677571409179091E-009   6.4016704763751154E-010  -5.4293830523355733E-010  -5.4412677638279128E-010   8.8055094269031217E-011  -8.5883325819186597E-010   5.4490839617032565E-010   3.6779706124344524E-010  -6.5040288306522421E-010   6.4016704763751154E-010   5.4024650255953541E-009
